0000
0000
0000
0000
0000
0000
0000
0000
0000
0000
0000
0000
0000
0000
0000
0000
0000
0000
0000
0000
0000
0000
0000
0000
0000
0000
0000
0000
0000
0000
0000
0000
0000
0000
0000
0000
0000
0000
0000
0000
0000
0000
0000
0000
0000
0000
0000
0000
0000
0000
0000
0000
0000
0000
0000
0000
0000
0000
0000
0000
0000
0000
0000
0000
0000
0000
0000
0000
0000
0000
0000
0000
0000
0000
0000
0000
0000
0000
0000
0000
0000
0000
0000
0000
0000
0000
0000
0000
0000
0000
0000
0000
0000
0000
0000
0000
0000
0000
0000
0000
0000
0000
0000
0000
0000
0000
0000
0000
0000
0000
0000
0000
0000
0000
0000
0000
0000
0000
0000
0000
0000
0000
0000
0000
0000
0000
0000
0000
0000
0000
0000
0000
0000
0000
0000
0000
0000
0000
0000
0000
0000
0000
0000
0000
0000
0000
0000
0000
0000
0000
0000
0000
0000
0000
0000
0000
0000
0000
0000
0000
0000
0000
0000
0000
0000
0000
0000
0000
0000
0000
0000
0000
0000
0000
0000
0000
0000
0000
0000
0000
0000
0000
0000
0000
0000
0000
0000
0000
0000
0000
0000
0000
0000
0000
0000
0000
0000
0000
0000
0000
0000
0000
0000
0000
0000
0000
0000
0000
0000
0000
0000
0000
0000
0000
0000
0000
0000
0000
0000
0000
0000
0000
0000
0000
0000
0000
0000
0000
0000
0000
0000
0000
0000
0000
0000
0000
0000
0000
0000
0000
0000
0000
0000
0000
0000
0000
0000
0000
0000
0000
0000
0000
0000
0000
0000
0000
0000
0000
0000
0000
0000
0000
0000
0000
0000
0000
0000
0000
0000
0000
0000
0000
0000
0000
0000
0000
0000
0000
0000
0000
0000
0000
0000
0000
0000
0000
0000
0000
0000
0000
0000
0000
0000
0000
0000
0000
0000
0000
0000
0000
0000
0000
0000
0000
0000
0000
0000
0000
0000
0000
0000
0000
0000
0000
0000
0000
0000
0000
0000
0000
0000
0000
0000
0000
0000
0000
0000
0000
0000
0000
0000
0000
0000
0000
0000
0000
0000
0000
0000
0000
0000
0000
0000
0000
0000
0000
0000
0000
0000
0000
0000
0000
0000
0000
0000
0000
0000
0000
0000
0000
0000
0000
0000
0000
0000
0000
0000
0000
0000
0000
0000
0000
0000
0000
0000
0000
0000
0000
0000
0000
0000
0000
0000
0000
0000
0000
0000
0000
0000
0000
0000
0000
0000
0000
0000
0000
0000
0000
0000
0000
0000
0000
0000
0000
0000
0000
0000
0000
0000
0000
0000
0000
0000
0000
0000
0000
0000
0000
0000
0000
0000
0000
0000
0000
0000
0000
0000
0000
0000
0000
0000
0000
0000
0000
0000
0000
0000
0000
0000
0000
0000
0000
0000
0000
0000
0000
0000
0000
0000
0000
0000
0000
0000
0000
0000
0000
0000
0000
0000
0000
0000
0000
0000
0000
0000
0000
0000
0000
0000
0000
0000
0000
0000
0000
0000
0000
0000
0000
0000
0000
0000
0000
0000
0000
0000
0000
0000
0000
0000
0000
0000
0000
0000
0000
0000
0000
0000
0000
0000
0000
0000
0000
0000
0000
0000
0000
0000
0000
0000
0000
0000
0000
0000
0000
0000
0000
0000
0000
0000
0000
0000
0000
0000
0000
0000
0000
0000
0000
0000
0000
0000
0000
0000
0000
0000
0000
0000
0000
0000
0000
0000
0000
0000
0000
0000
0000
0000
0000
0000
0000
0000
0000
0000
0000
0000
0000
0000
0000
0000
0000
0000
0000
0000
0000
0000
0000
0000
0000
0000
0000
0000
0000
0000
0000
0000
0000
0000
0000
0000
0000
0000
0000
0000
0000
0000
0000
0000
0000
0000
0000
0000
0000
0000
0000
0000
0000
0000
0000
0000
0000
0000
0000
0000
0000
0000
0000
0000
0000
0000
0000
0000
0000
0000
0000
0000
0000
0000
0000
0000
0000
0000
0000
0000
0000
0000
0000
0000
0000
0000
0000
0000
0000
0000
0000
0000
0000
0000
0000
0000
0000
0000
0000
0000
0000
0000
0000
0000
0000
0000
0000
0000
0000
0000
0000
0000
0000
0000
0000
0000
0000
0000
0000
0000
0000
0000
0000
0000
0000
0000
0000
0000
0000
0000
0000
0000
0000
0000
0000
0000
0000
0000
0000
0000
0000
0000
0000
0000
0000
0000
0000
0000
0000
0000
0000
0000
0000
0000
0000
0000
0000
0000
0000
0000
0000
0000
0000
0000
0000
0000
0000
0000
0000
0000
0000
0000
0000
0000
0000
0000
0000
0000
0000
0000
0000
0000
0000
0000
0000
0000
0000
0000
0000
0000
0000
0000
0000
0000
0000
0000
0000
0000
0000
0000
0000
0000
0000
0000
0000
0000
0000
0000
0000
0000
0000
0000
0000
0000
0000
0000
0000
0000
0000
0000
0000
0000
0000
0000
0000
0000
0000
0000
0000
0000
0000
0000
0000
0000
0000
0000
0000
0000
0000
0000
0000
0000
0000
0000
0000
0000
0000
0000
0000
0000
0000
0000
0000
0000
0000
0000
0000
0000
0000
0000
0000
0000
0000
0000
0000
0000
0000
0000
0000
0000
0000
0000
0000
0000
0000
0000
0000
0000
0000
0000
0000
0000
0000
0000
0000
0000
0000
0000
0000
0000
0000
0000
0000
0000
0000
0000
0000
0000
0000
0000
0000
0000
0000
0000
0000
0000
0000
0000
0000
0000
0000
0000
0000
0000
0000
0000
0000
0000
0000
0000
0000
0000
0000
0000
0000
0000
0000
0000
0000
0000
0000
0000
0000
0000
0000
0000
0000
0000
0000
0000
0000
0000
0000
0000
0000
0000
0000
0000
0000
0000
0000
0000
0000
0000
0000
0000
0000
0000
0000
0000
0000
0000
0000
0000
0000
0000
0000
0000
0000
0000
0000
0000
0000
0000
0000
0000
0000
0000
0000
0000
0000
0000
0000
0000
0000
0000
0000
0000
0000
0000
0000
0000
0000
0000
0000
0000
0000
0000
0000
0000
0000
0000
0000
0000
0000
0000
0000
0000
0000
0000
0000
0000
0000
0000
0000
0000
0000
0000
0000
0000
0000
0000
0000
0000
0000
0000
0000
0000
0000
0000
0000
0000
0000
0000
0000
0000
0000
0000
0000
0000
0000
0000
0000
0000
0000
0000
0000
0000
0000
0000
0000
0000
0000
0000
0000
0000
0000
0000
0000
0000
0000
0000
0000
0000
0000
0000
0000
0000
0000
0000
0000
0000
0000
0000
0000
0000
0000
0000
0000
0000
0000
0000
0000
0000
0000
0000
0000
0000
0000
0000
0000
0000
0000
0000
0000
0000
0000
0000
0000
0000
0000
0000
0000
0000
0000
0000
0000
0000
0000
0000
0000
0000
0000
0000
0000
0000
0000
0000
0000
0000
0000
03C0
03C0
03C0
03C0
03C0
03C0
0380
0180
0180
0180
0180
0180
0180
0180
0180
0000
0000
0000
0180
03C0
03C0
0180
0000
0000
0000
0000
0000
0000
18C0
1CE0
1CE0
0E70
0630
0318
018C
0084
0000
0000
0000
0000
0000
0000
0000
0000
0000
0000
0000
0000
0000
0000
0000
0000
0000
0000
0000
0000
0000
0000
0000
0000
0000
0000
0000
0000
1020
1020
1020
1020
1020
7FFE
7FFE
7FFE
0810
0810
0810
0810
0810
0810
7FFE
7FFE
7FFE
0C18
0408
0408
0408
0408
0000
0000
0000
0000
0000
0000
0000
0000
0080
0080
03C0
0CB0
1890
1898
1C98
1C98
00B8
00B0
00F0
00E0
03C0
0780
0F80
0C80
1C80
1880
189C
189C
188C
0C8C
0698
03E0
0080
0080
0080
0000
0000
0000
0000
0000
0000
0000
081C
0836
0422
0463
0263
0263
0263
0163
0163
0122
1CB6
369C
2240
6340
6340
6320
6320
6310
6310
2210
3608
1C08
0000
0000
0000
0000
0000
0000
0000
0000
0000
0000
00F0
0098
018C
018C
018C
018C
008C
00CC
005C
0038
3E1C
083C
0832
0873
0463
04E3
04C3
0383
4383
6706
3E8C
1C78
0000
0000
0000
0000
0000
0000
001C
003C
003C
0030
0030
0010
000C
0006
0000
0000
0000
0000
0000
0000
0000
0000
0000
0000
0000
0000
0000
0000
0000
0000
0000
0000
0000
0000
0000
0000
0000
0000
4000
2000
1000
1800
0C00
0400
0600
0200
0300
0300
0180
0180
0180
0180
0180
0180
0180
0180
0180
0300
0300
0200
0600
0400
0C00
1800
1000
2000
4000
0000
0000
0000
0002
0004
0008
0018
0030
0020
0060
0040
00C0
00C0
0180
0180
0180
0180
0180
0180
0180
0180
0180
00C0
00C0
00C0
0060
0020
0030
0018
0008
0004
0002
0000
0000
0000
0000
0000
0000
0000
0000
0000
0300
0380
0380
630C
711C
3938
0D60
0380
0380
0D60
3938
711C
618C
0380
0380
0380
0000
0000
0000
0000
0000
0000
0000
0000
0000
0000
0000
0000
0000
0000
0000
0000
0000
0100
0100
0100
0100
0100
0100
0100
7FFC
0100
0100
0100
0100
0100
0100
0100
0000
0000
0000
0000
0000
0000
0000
0000
0000
0000
0000
0000
0000
0000
0000
0000
0000
0000
0000
0000
0000
0000
0000
0000
0000
0000
0000
0000
0000
0000
0000
0000
001C
003C
003C
0030
0030
0010
000C
0006
0000
0000
0000
0000
0000
0000
0000
0000
0000
0000
0000
0000
0000
0000
0000
0000
7FFE
0000
0000
0000
0000
0000
0000
0000
0000
0000
0000
0000
0000
0000
0000
0000
0000
0000
0000
0000
0000
0000
0000
0000
0000
0000
0000
0000
0000
0000
0000
0000
0000
0000
0000
0000
0000
0000
0000
0000
0018
003C
003C
0018
0000
0000
0000
0000
0000
0000
0000
4000
6000
2000
3000
1000
1800
0800
0C00
0400
0600
0200
0300
0100
0180
0080
00C0
0040
0060
0020
0030
0010
0018
0008
000C
0004
0006
0002
0000
0000
0000
0000
0000
0000
0000
0000
03C0
0460
0C30
1818
1818
1018
300C
300C
300C
300C
300C
300C
300C
300C
300C
300C
1018
1818
1818
0C30
0460
03C0
0000
0000
0000
0000
0000
0000
0000
0000
0000
0000
0100
0180
01F8
0180
0180
0180
0180
0180
0180
0180
0180
0180
0180
0180
0180
0180
0180
0180
0180
0180
03C0
1FF8
0000
0000
0000
0000
0000
0000
0000
0000
0000
0000
07E0
1C10
1808
3004
3004
300C
300C
3000
1800
1800
0C00
0600
0300
0180
00C0
0040
2020
2010
2008
3004
1FFC
1FFC
0000
0000
0000
0000
0000
0000
0000
0000
0000
0000
03E0
0618
0C0C
180C
180C
180C
1800
1800
0C00
0600
03C0
0E00
1800
1000
3000
3000
300C
300C
100C
180C
0C18
03E0
0000
0000
0000
0000
0000
0000
0000
0000
0000
0000
0600
0600
0700
0700
0680
0680
0640
0620
0620
0610
0610
0608
060C
0604
0602
3FFE
0600
0600
0600
0600
0600
3FC0
0000
0000
0000
0000
0000
0000
0000
0000
0000
0000
3FF0
3FF0
0008
0008
0008
0008
0008
0008
07C8
0C28
1818
1008
3000
3000
3000
3000
300C
300C
1804
1804
0C18
03E0
0000
0000
0000
0000
0000
0000
0000
0000
0000
0000
0780
1860
1830
1810
0018
0008
0008
000C
07CC
0C6C
181C
101C
300C
300C
300C
300C
300C
3018
1018
1830
0C70
07C0
0000
0000
0000
0000
0000
0000
0000
0000
0000
0000
3FF8
3FF8
1008
080C
0804
0404
0400
0200
0200
0200
0100
0100
0080
0080
0080
0080
00C0
00C0
00C0
00C0
00C0
00C0
0000
0000
0000
0000
0000
0000
0000
0000
0000
0000
07E0
0C30
1818
300C
300C
300C
301C
101C
1878
04F0
03E0
0F18
1E0C
1C0C
3806
3006
3006
3006
3006
180C
0C18
03E0
0000
0000
0000
0000
0000
0000
0000
0000
0000
0000
03E0
0418
080C
180C
1006
3006
3006
3006
3006
3006
380E
340C
3618
31F0
3000
1800
1800
0800
0C0C
060C
030C
01F0
0000
0000
0000
0000
0000
0000
0000
0000
0000
0000
0000
0000
0000
0000
0000
0000
0000
0180
03C0
03C0
0180
0000
0000
0000
0000
0000
0000
0000
0180
03C0
03C0
0180
0000
0000
0000
0000
0000
0000
0000
0000
0000
0000
0000
0000
0000
0000
0000
0000
0000
0000
01C0
01C0
01C0
0000
0000
0000
0000
0000
0000
0000
0000
01C0
01C0
01C0
0180
00C0
00C0
0000
0000
0000
0000
0000
0000
0000
2000
1000
0800
0400
0200
0100
0080
0040
0020
0010
0008
0008
0010
0020
0040
0080
0100
0200
0400
0800
1000
2000
0000
0000
0000
0000
0000
0000
0000
0000
0000
0000
0000
0000
0000
0000
0000
0000
0000
7FFE
0000
0000
0000
0000
0000
7FFE
0000
0000
0000
0000
0000
0000
0000
0000
0000
0000
0000
0000
0000
0000
0000
0000
0000
0000
0004
0008
0010
0020
0040
0080
0100
0200
0400
0800
1000
1000
0800
0400
0200
0100
0080
0040
0020
0010
0008
0004
0000
0000
0000
0000
0000
0000
0000
0000
0000
0000
07C0
1830
3018
6008
600C
601C
601C
601C
3000
1800
0E00
0300
0100
0100
0100
0100
0000
0000
0180
03C0
03C0
0180
0000
0000
0000
0000
0000
0000
0000
0000
0000
0000
07C0
0860
1030
2018
2B0C
4D8C
4C84
4CC6
44C6
4466
4466
4466
4666
2666
2666
1764
0CCC
400C
2008
3018
1830
07C0
0000
0000
0000
0000
0000
0000
0000
0000
0000
0000
01C0
01C0
01C0
01C0
0320
0320
0320
0320
0230
0610
0610
0610
0418
0FF8
0C08
0C08
0C08
1804
1804
1804
3806
7C1F
0000
0000
0000
0000
0000
0000
0000
0000
0000
0000
07FE
1C18
1818
3018
3018
3018
3018
3018
1818
0C18
07F8
1818
3018
2018
6018
6018
6018
6018
6018
3018
1818
0FFE
0000
0000
0000
0000
0000
0000
0000
0000
0000
0000
07C0
3860
3010
6018
400C
400C
000C
0006
0006
0006
0006
0006
0006
0006
0006
0006
400C
400C
2008
1018
0830
07C0
0000
0000
0000
0000
0000
0000
0000
0000
0000
0000
03FE
0E18
1818
1018
3018
3018
6018
6018
6018
6018
6018
6018
6018
6018
6018
2018
3018
3018
1818
1818
0618
03FE
0000
0000
0000
0000
0000
0000
0000
0000
0000
0000
3FFE
3018
2018
4018
4018
0018
0018
0818
0818
0C18
0FF8
0C18
0818
0818
0018
0018
0018
4018
4018
2018
3018
3FFE
0000
0000
0000
0000
0000
0000
0000
0000
0000
0000
3FFE
3818
2018
4018
4018
0018
0018
0818
0818
0C18
0FF8
0C18
0818
0818
0818
0018
0018
0018
0018
0018
0018
007E
0000
0000
0000
0000
0000
0000
0000
0000
0000
0000
03C0
0C30
0810
1818
100C
100C
0004
0006
0006
0006
0006
0006
7E06
1806
1806
1804
180C
180C
1808
1818
0430
03E0
0000
0000
0000
0000
0000
0000
0000
0000
0000
0000
FC3F
300C
300C
300C
300C
300C
300C
300C
300C
300C
3FFC
300C
300C
300C
300C
300C
300C
300C
300C
300C
300C
FC3F
0000
0000
0000
0000
0000
0000
0000
0000
0000
0000
1FF8
0180
0180
0180
0180
0180
0180
0180
0180
0180
0180
0180
0180
0180
0180
0180
0180
0180
0180
0180
0180
1FF8
0000
0000
0000
0000
0000
0000
0000
0000
0000
0000
7FE0
0600
0600
0600
0600
0600
0600
0600
0600
0600
0600
0600
0600
0600
0600
0600
0600
0600
0600
0600
0600
0600
060E
030E
018E
00FC
0000
0000
0000
0000
0000
0000
3E7E
0C18
0418
0618
0218
0118
0118
0098
0098
00D8
01B8
01B8
0318
0318
0618
0618
0C18
0C18
0C18
1818
1818
7C7E
0000
0000
0000
0000
0000
0000
0000
0000
0000
0000
007E
0018
0018
0018
0018
0018
0018
0018
0018
0018
0018
0018
0018
0018
0018
0018
0018
4018
4018
2018
3018
3FFE
0000
0000
0000
0000
0000
0000
0000
0000
0000
0000
F00F
381C
381C
381C
381C
341C
3434
3434
3434
3234
3234
3264
3264
3264
3164
3144
31C4
31C4
30C4
30C4
3084
FC8F
0000
0000
0000
0000
0000
0000
0000
0000
0000
0000
F80F
201C
201C
2034
2034
2064
2064
20C4
20C4
2184
2184
2304
2304
2604
2604
2C04
2C04
3804
3804
3004
3004
201F
0000
0000
0000
0000
0000
0000
0000
0000
0000
0000
03C0
0C30
1818
1008
300C
300C
2006
6006
6006
6006
6006
6006
6006
6006
6006
6004
300C
300C
1008
1818
0C30
03C0
0000
0000
0000
0000
0000
0000
0000
0000
0000
0000
0FFE
1818
3018
6018
6018
6018
6018
6018
6018
3018
1818
07F8
0018
0018
0018
0018
0018
0018
0018
0018
0018
007E
0000
0000
0000
0000
0000
0000
0000
0000
0000
0000
03C0
0C30
1818
1008
300C
300C
6006
6006
6006
6006
6006
6006
6006
6006
6006
6006
21E4
331C
361C
1E18
0E30
07C0
4C00
3C00
3800
0000
0000
0000
0000
0000
0000
0000
07FE
1C18
1818
3018
3018
3018
3018
3018
1818
0C18
07F8
0318
0318
0618
0618
0618
0C18
0C18
0C18
1818
1818
787E
0000
0000
0000
0000
0000
0000
0000
0000
0000
0000
13F0
1E18
180C
1806
1006
1006
0006
000E
003C
00F8
03E0
0F80
1E00
1800
3800
3002
3002
3006
3004
180C
0C1C
07E4
0000
0000
0000
0000
0000
0000
0000
0000
0000
0000
3FFC
218C
6184
4182
4182
0180
0180
0180
0180
0180
0180
0180
0180
0180
0180
0180
0180
0180
0180
0180
0180
07E0
0000
0000
0000
0000
0000
0000
0000
0000
0000
0000
7C3F
100C
100C
100C
100C
100C
100C
100C
100C
100C
100C
100C
100C
100C
100C
100C
100C
100C
100C
0818
0438
03E0
0000
0000
0000
0000
0000
0000
0000
0000
0000
0000
783E
3018
1018
1018
1018
0830
0830
0830
0830
0430
0460
0460
0460
0260
02C0
02C0
02C0
01C0
0180
0180
0080
0080
0000
0000
0000
0000
0000
0000
0000
0000
0000
0000
F3CF
6186
2186
2184
2104
230C
238C
238C
138C
138C
1388
1248
1658
1658
0E58
0E38
0E30
0E30
0C30
0430
0410
0410
0000
0000
0000
0000
0000
0000
0000
0000
0000
0000
7C3E
1018
0818
0830
0430
0460
0260
02C0
01C0
0180
0180
0180
0380
0340
0640
0620
0E20
0C10
0C10
1818
3808
7C3E
0000
0000
0000
0000
0000
0000
0000
0000
0000
0000
7C7E
101C
1018
0818
0830
0830
0430
0460
0460
02C0
02C0
01C0
0180
0180
0180
0180
0180
0180
0180
0180
0180
07E0
0000
0000
0000
0000
0000
0000
0000
0000
0000
0000
7FF8
3038
3018
180C
1804
0C00
0600
0600
0300
0300
0180
0180
00C0
00C0
0060
0060
0030
4018
6018
200C
380C
3FFE
0000
0000
0000
0000
0000
0000
0000
3FC0
00C0
00C0
00C0
00C0
00C0
00C0
00C0
00C0
00C0
00C0
00C0
00C0
00C0
00C0
00C0
00C0
00C0
00C0
00C0
00C0
00C0
00C0
00C0
00C0
00C0
3FC0
0000
0000
0000
0000
0000
03FC
0300
0300
0300
0300
0300
0300
0300
0300
0300
0300
0300
0300
0300
0300
0300
0300
0300
0300
0300
0300
0300
0300
0300
0300
0300
03FC
0000
0000
0000
0000
03C0
07C0
0460
0810
0000
0000
0000
0000
0000
0000
0000
0000
0000
0000
0000
0000
0000
0000
0000
0000
0000
0000
0000
0000
0000
0000
0000
0000
0000
0000
0000
0000
0000
0000
0000
0000
0000
0000
0000
0000
0000
0000
0000
0000
0000
0000
0000
0000
0000
0000
0000
0000
0000
0000
0000
0000
0000
0000
0000
0000
0000
FFFF
0000
0000
0078
00C0
0100
0000
0000
0000
0000
0000
0000
0000
0000
0000
0000
0000
0000
0000
0000
0000
0000
0000
0000
0000
0000
0000
0000
0000
0000
0000
0000
0000
0000
0000
0000
0000
0000
0000
0000
0000
0000
0000
0000
0000
0000
07E0
0C18
180C
180C
180C
1C00
1BE0
1838
180C
1806
1806
1806
9806
9E0C
71F8
0000
0000
0000
0000
0000
0000
0000
0000
0000
0010
001E
0018
0018
0018
0018
0018
0018
0798
1C58
1838
3038
3018
3018
3018
3018
3018
3018
3018
1018
1838
0C38
07C8
0000
0000
0000
0000
0000
0000
0000
0000
0000
0000
0000
0000
0000
0000
0000
0000
0000
07C0
0870
1830
1818
180C
000C
000C
000C
000C
000C
200C
2018
1018
0830
07C0
0000
0000
0000
0000
0000
0000
0000
0000
0000
1000
1E00
1800
1800
1800
1800
1800
1800
1BE0
1C30
1818
1818
180C
180C
180C
180C
180C
180C
180C
1808
1C18
7A30
09E0
0000
0000
0000
0000
0000
0000
0000
0000
0000
0000
0000
0000
0000
0000
0000
0000
0000
03C0
0C30
1810
1018
300C
300C
300C
3FFC
000C
000C
000C
2018
1018
1870
07C0
0000
0000
0000
0000
0000
0000
0000
0000
0000
0000
3E00
6180
6080
60C0
00C0
00C0
00C0
1FFC
00C0
00C0
00C0
00C0
00C0
00C0
00C0
00C0
00C0
00C0
00C0
00C0
00C0
0FF8
0000
0000
0000
0000
0000
0000
0000
0000
0000
0000
0000
0000
0000
0000
0000
0000
0000
77C0
6C30
1810
1818
1818
1818
1810
0C30
07F0
0018
0018
03F8
1FF0
3818
300C
300C
300C
1818
07E0
0000
0000
0000
0000
0000
0010
001E
0018
0018
0018
0018
0018
0018
0798
0C58
1838
1818
1818
1818
1818
1818
1818
1818
1818
1818
1818
1818
7E7E
0000
0000
0000
0000
0000
0000
0000
0000
0000
0000
0180
03C0
0180
0000
0000
0000
0100
01F8
0180
0180
0180
0180
0180
0180
0180
0180
0180
0180
0180
0180
0180
1FF8
0000
0000
0000
0000
0000
0000
0000
0000
0000
0000
1C00
1E00
0C00
0000
0000
0000
0800
0FC0
0C00
0C00
0C00
0C00
0C00
0C00
0C00
0C00
0C00
0C00
0C00
0C00
0C00
0C00
0C00
0618
0218
01F0
0000
0000
0000
0000
0000
0010
001E
0018
0018
0018
0018
0018
0018
3E18
0C18
0418
0218
0118
0198
01D8
0378
0338
0618
0C18
0C18
1818
3818
7C7E
0000
0000
0000
0000
0000
0000
0000
0000
0000
0100
01F8
0180
0180
0180
0180
0180
0180
0180
0180
0180
0180
0180
0180
0180
0180
0180
0180
0180
0180
0180
0180
1FF8
0000
0000
0000
0000
0000
0000
0000
0000
0000
0000
0000
0000
0000
0000
0000
0000
0004
3CF7
638E
6186
6186
6186
6186
6186
6186
6186
6186
6186
6186
6186
6186
F3CF
0000
0000
0000
0000
0000
0000
0000
0000
0000
0000
0000
0000
0000
0000
0000
0000
0000
0790
0C5E
1838
1818
1818
1818
1818
1818
1818
1818
1818
1818
1818
1818
7E7E
0000
0000
0000
0000
0000
0000
0000
0000
0000
0000
0000
0000
0000
0000
0000
0000
0000
03C0
0C30
1810
1818
3008
300C
300C
300C
300C
300C
300C
1818
1818
0C30
03C0
0000
0000
0000
0000
0000
0000
0000
0000
0000
0000
0000
0000
0000
0000
0000
0000
0000
0790
0C5E
1838
1018
3018
3018
3018
3018
3018
3018
3018
1818
1838
0C78
0798
0018
0018
0018
007E
0000
0000
0000
0000
0000
0000
0000
0000
0000
0000
0000
0000
0000
13C0
1E30
1C18
1818
180C
180C
180C
180C
180C
180C
180C
1808
1C18
1E30
19E0
1800
1800
1800
7E00
0000
0000
0000
0000
0000
0000
0000
0000
0000
0000
0000
0000
0000
3860
667E
6160
01E0
00E0
0060
0060
0060
0060
0060
0060
0060
0060
0060
07FE
0000
0000
0000
0000
0000
0000
0000
0000
0000
0000
0000
0000
0000
0000
0000
0000
0000
27C0
3860
3030
2030
2030
0070
03E0
0F80
1E00
3800
3008
3008
3018
1838
0FC8
0000
0000
0000
0000
0000
0000
0000
0000
0000
0000
0000
0000
0080
0080
0080
00C0
00E0
1FFC
00C0
00C0
00C0
00C0
00C0
00C0
00C0
00C0
00C0
00C0
20C0
20C0
1180
0F00
0000
0000
0000
0000
0000
0000
0000
0000
0000
0000
0000
0000
0000
0000
0000
0000
1010
1E1E
1818
1818
1818
1818
1818
1818
1818
1818
1818
1818
1818
1C18
7A30
09E0
0000
0000
0000
0000
0000
0000
0000
0000
0000
0000
0000
0000
0000
0000
0000
0000
0000
7C3E
3018
1018
1818
0830
0830
0420
0460
0460
02C0
02C0
03C0
0180
0180
0080
0000
0000
0000
0000
0000
0000
0000
0000
0000
0000
0000
0000
0000
0000
0000
0000
0000
F3DF
6186
2184
218C
218C
138C
1388
1358
1258
0E58
0E70
0E30
0C30
0430
0420
0000
0000
0000
0000
0000
0000
0000
0000
0000
0000
0000
0000
0000
0000
0000
0000
0000
3E7C
0830
0870
0460
02C0
02C0
0180
0180
0380
0640
0620
0C20
1810
1818
7E3E
0000
0000
0000
0000
0000
0000
0000
0000
0000
0000
0000
0000
0000
0000
0000
0000
0000
7C3E
1818
0818
0810
0830
0420
0460
0460
0240
02C0
0280
0180
0180
0080
0080
0080
0040
007C
003C
0000
0000
0000
0000
0000
0000
0000
0000
0000
0000
0000
0000
0000
1FFC
1C0C
0C0C
0604
0704
0300
0180
01C0
00C0
0060
2070
2030
3018
180C
1FFC
0000
0000
0000
0000
0000
0000
3000
0800
0400
0400
0400
0400
0400
0400
0400
0400
0400
0400
0400
0300
0180
0200
0400
0400
0400
0400
0400
0400
0400
0400
0400
0400
0400
0800
3000
0000
0100
0100
0100
0100
0100
0100
0100
0100
0100
0100
0100
0100
0100
0100
0100
0100
0100
0100
0100
0100
0100
0100
0100
0100
0100
0100
0100
0100
0100
0100
0100
0100
0000
0000
0018
0020
0040
0040
0040
0040
0040
0040
0040
0040
0040
0040
0040
0180
0300
0080
0040
0040
0040
0040
0040
0040
0040
0040
0040
0040
0040
0020
0018
0000
0000
0078
00C4
4182
4102
2700
1C00
0000
0000
0000
0000
0000
0000
0000
0000
0000
0000
0000
0000
0000
0000
0000
0000
0000
0000
0000
0000
0000
0000
0000
0000
0000
0000
0000
0000
0000
0000
0000
0000
0000
0000
0000
0000
0000
0000
0000
0000
0000
0000
0000
0000
0000
0000
0000
0000
0000
0000
0000
0000
0000
0000
0000
0000
0000
0000
0000
0000
0000
0000
0000
0000
0000
0000
0000
0000
0000
0000
0000
0000
0000
0000
0000
0000
0000
0000
0000
0000
0000
0000
0000
0000
0000
0000
0000
0000
0000
0000
0000
0000
0000
0000
0000
0000
0000
0000
0000
0000
0000
0000
0000
0000
0000
0000
0000
0000
0000
0000
0000
0000
0000
0000
0000
0000
0000
0000
0000
0000
0000
0000
0000
0000
0000
0000
0000
0000
0000
0000
0000
0000
0000
0000
0000
0000
0000
0000
0000
0000
0000
0000
0000
0000
0000
0000
0000
0000
0000
0000
0000
0000
0000
0000
0000
0000
0000
0000
0000
0000
0000
0000
0000
0000
0000
0000
0000
0000
0000
0000
0000
0000
0000
0000
0000
0000
0000
0000
0000
0000
0000
0000
0000
0000
0000
0000
0000
0000
0000
0000
0000
0000
0000
0000
0000
0000
0000
0000
0000
0000
0000
0000
0000
0000
0000
0000
0000
0000
0000
0000
0000
0000
0000
0000
0000
0000
0000
0000
0000
0000
0000
0000
0000
0000
0000
0000
0000
0000
0000
0000
0000
0000
0000
0000
0000
0000
0000
0000
0000
0000
0000
0000
0000
0000
0000
0000
0000
0000
0000
0000
0000
0000
0000
0000
0000
0000
0000
0000
0000
0000
0000
0000
0000
0000
0000
0000
0000
0000
0000
0000
0000
0000
0000
0000
0000
0000
0000
0000
0000
0000
0000
0000
0000
0000
0000
0000
0000
0000
0000
0000
0000
0000
0000
0000
0000
0000
0000
0000
0000
0000
0000
0000
0000
0000
0000
0000
0000
0000
0000
0000
0000
0000
0000
0000
0000
0000
0000
0000
0000
0000
0000
0000
0000
0000
0000
0000
0000
0000
0000
0000
0000
0000
0000
0000
0000
0000
0000
0000
0000
0000
0000
0000
0000
0000
0000
0000
0000
0000
0000
0000
0000
0000
0000
0000
0000
0000
0000
0000
0000
0000
0000
0000
0000
0000
0000
0000
0000
0000
0000
0000
0000
0000
0000
0000
0000
0000
0000
0000
0000
0000
0000
0000
0000
0000
0000
0000
0000
0000
0000
0000
0000
0000
0000
0000
0000
0000
0000
0000
0000
0000
0000
0000
0000
0000
0000
0000
0000
0000
0000
0000
0000
0000
0000
0000
0000
0000
0000
0000
0000
0000
0000
0000
0000
0000
0000
0000
0000
0000
0000
0000
0000
0000
0000
0000
0000
0000
0000
0000
0000
0000
0000
0000
0000
0000
0000
0000
0000
0000
0000
0000
0000
0000
0000
0000
0000
0000
0000
0000
0000
0000
0000
0000
0000
0000
0000
0000
0000
0000
0000
0000
0000
0000
0000
0000
0000
0000
0000
0000
0000
0000
0000
0000
0000
0000
0000
0000
0000
0000
0000
0000
0000
0000
0000
0000
0000
0000
0000
0000
0000
0000
0000
0000
0000
0000
0000
0000
0000
0000
0000
0000
0000
0000
0000
0000
0000
0000
0000
0000
0000
0000
0000
0000
0000
0000
0000
0000
0000
0000
0000
0000
0000
0000
0000
0000
0000
0000
0000
0000
0000
0000
0000
0000
0000
0000
0000
0000
0000
0000
0000
0000
0000
0000
0000
0000
0000
0000
0000
0000
0000
0000
0000
0000
0000
0000
0000
0000
0000
0000
0000
0000
0000
0000
0000
0000
0000
0000
0000
0000
0000
0000
0000
0000
0000
0000
0000
0000
0000
0000
0000
0000
0000
0000
0000
0000
0000
0000
0000
0000
0000
0000
0000
0000
0000
0000
0000
0000
0000
0000
0000
0000
0000
0000
0000
0000
0000
0000
0000
0000
0000
0000
0000
0000
0000
0000
0000
0000
0000
0000
0000
0000
0000
0000
0000
0000
0000
0000
0000
0000
0000
0000
0000
0000
0000
0000
0000
0000
0000
0000
0000
0000
0000
0000
0000
0000
0000
0000
0000
0000
0000
0000
0000
0000
0000
0000
0000
0000
0000
0000
0000
0000
0000
0000
0000
0000
0000
0000
0000
0000
0000
0000
0000
0000
0000
0000
0000
0000
0000
0000
0000
0000
0000
0000
0000
0000
0000
0000
0000
0000
0000
0000
0000
0000
0000
0000
0000
0000
0000
0000
0000
0000
0000
0000
0000
0000
0000
0000
0000
0000
0000
0000
0000
0000
0000
0000
0000
0000
0000
0000
0000
0000
0000
0000
0000
0000
0000
0000
0000
0000
0000
0000
0000
0000
0000
0000
0000
0000
0000
0000
0000
0000
0000
0000
0000
0000
0000
0000
0000
0000
0000
0000
0000
0000
0000
0000
0000
0000
0000
0000
0000
0000
0000
0000
0000
0000
0000
0000
0000
0000
0000
0000
0000
0000
0000
0000
0000
0000
0000
0000
0000
0000
0000
0000
0000
0000
0000
0000
0000
0000
0000
0000
0000
0000
0000
0000
0000
0000
0000
0000
0000
0000
0000
0000
0000
0000
0000
0000
0000
0000
0000
0000
0000
0000
0000
0000
0000
0000
0000
0000
0000
0000
0000
0000
0000
0000
0000
0000
0000
0000
0000
0000
0000
0000
0000
0000
0000
0000
0000
0000
0000
0000
0000
0000
0000
0000
0000
0000
0000
0000
0000
0000
0000
0000
0000
0000
0000
0000
0000
0000
0000
0000
0000
0000
0000
0000
0000
0000
0000
0000
0000
0000
0000
0000
0000
0000
0000
0000
0000
0000
0000
0000
0000
0000
0000
0000
0000
0000
0000
0000
0000
0000
0000
0000
0000
0000
0000
0000
0000
0000
0000
0000
0000
0000
0000
0000
0000
0000
0000
0000
0000
0000
0000
0000
0000
0000
0000
0000
0000
0000
0000
0000
0000
0000
0000
0000
0000
0000
0000
0000
0000
0000
0000
0000
0000
0000
0000
0000
0000
0000
0000
0000
0000
0000
0000
0000
0000
0000
0000
0000
0000
0000
0000
0000
0000
0000
0000
0000
0000
0000
0000
0000
0000
0000
0000
0000
0000
0000
0000
0000
0000
0000
0000
0000
0000
0000
0000
0000
0000
0000
0000
0000
0000
0000
0000
0000
0000
0000
0000
0000
0000
0000
0000
0000
0000
0000
0000
0000
0000
0000
0000
0000
0000
0000
0000
0000
0000
0000
0000
0000
0000
0000
0000
0000
0000
0000
0000
0000
0000
0000
0000
0000
0000
0000
0000
0000
0000
0000
0000
0000
0000
0000
0000
0000
0000
0000
0000
0000
0000
0000
0000
0000
0000
0000
0000
0000
0000
0000
0000
0000
0000
0000
0000
0000
0000
0000
0000
0000
0000
0000
0000
0000
0000
0000
0000
0000
0000
0000
0000
0000
0000
0000
0000
0000
0000
0000
0000
0000
0000
0000
0000
0000
0000
0000
0000
0000
0000
0000
0000
0000
0000
0000
0000
0000
0000
0000
0000
0000
0000
0000
0000
0000
0000
0000
0000
0000
0000
0000
0000
0000
0000
0000
0000
0000
0000
0000
0000
0000
0000
0000
0000
0000
0000
0000
0000
0000
0000
0000
0000
0000
0000
0000
0000
0000
0000
0000
0000
0000
0000
0000
0000
0000
0000
0000
0000
0000
0000
0000
0000
0000
0000
0000
0000
0000
0000
0000
0000
0000
0000
0000
0000
0000
0000
0000
0000
0000
0000
0000
0000
0000
0000
0000
0000
0000
0000
0000
0000
0000
0000
0000
0000
0000
0000
0000
0000
0000
0000
0000
0000
0000
0000
0000
0000
0000
0000
0000
0000
0000
0000
0000
0000
0000
0000
0000
0000
0000
0000
0000
0000
0000
0000
0000
0000
0000
0000
0000
0000
0000
0000
0000
0000
0000
0000
0000
0000
0000
0000
0000
0000
0000
0000
0000
0000
0000
0000
0000
0000
0000
0000
0000
0000
0000
0000
0000
0000
0000
0000
0000
0000
0000
0000
0000
0000
0000
0000
0000
0000
0000
0000
0000
0000
0000
0000
0000
0000
0000
0000
0000
0000
0000
0000
0000
0000
0000
0000
0000
0000
0000
0000
0000
0000
0000
0000
0000
0000
0000
0000
0000
0000
0000
0000
0000
0000
0000
0000
0000
0000
0000
0000
0000
0000
0000
0000
0000
0000
0000
0000
0000
0000
0000
0000
0000
0000
0000
0000
0000
0000
0000
0000
0000
0000
0000
0000
0000
0000
0000
0000
0000
0000
0000
0000
0000
0000
0000
0000
0000
0000
0000
0000
0000
0000
0000
0000
0000
0000
0000
0000
0000
0000
0000
0000
0000
0000
0000
0000
0000
0000
0000
0000
0000
0000
0000
0000
0000
0000
0000
0000
0000
0000
0000
0000
0000
0000
0000
0000
0000
0000
0000
0000
0000
0000
0000
0000
0000
0000
0000
0000
0000
0000
0000
0000
0000
0000
0000
0000
0000
0000
0000
0000
0000
0000
0000
0000
0000
0000
0000
0000
0000
0000
0000
0000
0000
0000
0000
0000
0000
0000
0000
0000
0000
0000
0000
0000
0000
0000
0000
0000
0000
0000
0000
0000
0000
0000
0000
0000
0000
0000
0000
0000
0000
0000
0000
0000
0000
0000
0000
0000
0000
0000
0000
0000
0000
0000
0000
0000
0000
0000
0000
0000
0000
0000
0000
0000
0000
0000
0000
0000
0000
0000
0000
0000
0000
0000
0000
0000
0000
0000
0000
0000
0000
0000
0000
0000
0000
0000
0000
0000
0000
0000
0000
0000
0000
0000
0000
0000
0000
0000
0000
0000
0000
0000
0000
0000
0000
0000
0000
0000
0000
0000
0000
0000
0000
0000
0000
0000
0000
0000
0000
0000
0000
0000
0000
0000
0000
0000
0000
0000
0000
0000
0000
0000
0000
0000
0000
0000
0000
0000
0000
0000
0000
0000
0000
0000
0000
0000
0000
0000
0000
0000
0000
0000
0000
0000
0000
0000
0000
0000
0000
0000
0000
0000
0000
0000
0000
0000
0000
0000
0000
0000
0000
0000
0000
0000
0000
0000
0000
0000
0000
0000
0000
0000
0000
0000
0000
0000
0000
0000
0000
0000
0000
0000
0000
0000
0000
0000
0000
0000
0000
0000
0000
0000
0000
0000
0000
0000
0000
0000
0000
0000
0000
0000
0000
0000
0000
0000
0000
0000
0000
0000
0000
0000
0000
0000
0000
0000
0000
0000
0000
0000
0000
0000
0000
0000
0000
0000
0000
0000
0000
0000
0000
0000
0000
0000
0000
0000
0000
0000
0000
0000
0000
0000
0000
0000
0000
0000
0000
0000
0000
0000
0000
0000
0000
0000
0000
0000
0000
0000
0000
0000
0000
0000
0000
0000
0000
0000
0000
0000
0000
0000
0000
0000
0000
0000
0000
0000
0000
0000
0000
0000
0000
0000
0000
0000
0000
0000
0000
0000
0000
0000
0000
0000
0000
0000
0000
0000
0000
0000
0000
0000
0000
0000
0000
0000
0000
0000
0000
0000
0000
0000
0000
0000
0000
0000
0000
0000
0000
0000
0000
0000
0000
0000
0000
0000
0000
0000
0000
0000
0000
0000
0000
0000
0000
0000
0000
0000
0000
0000
0000
0000
0000
0000
0000
0000
0000
0000
0000
0000
0000
0000
0000
0000
0000
0000
0000
0000
0000
0000
0000
0000
0000
0000
0000
0000
0000
0000
0000
0000
0000
0000
0000
0000
0000
0000
0000
0000
0000
0000
0000
0000
0000
0000
0000
0000
0000
0000
0000
0000
0000
0000
0000
0000
0000
0000
0000
0000
0000
0000
0000
0000
0000
0000
0000
0000
0000
0000
0000
0000
0000
0000
0000
0000
0000
0000
0000
0000
0000
0000
0000
0000
0000
0000
0000
0000
0000
0000
0000
0000
0000
0000
0000
0000
0000
0000
0000
0000
0000
0000
0000
0000
0000
0000
0000
0000
0000
0000
0000
0000
0000
0000
0000
0000
0000
0000
0000
0000
0000
0000
0000
0000
0000
0000
0000
0000
0000
0000
0000
0000
0000
0000
0000
0000
0000
0000
0000
0000
0000
0000
0000
0000
0000
0000
0000
0000
0000
0000
0000
0000
0000
0000
0000
0000
0000
0000
0000
0000
0000
0000
0000
0000
0000
0000
0000
0000
0000
0000
0000
0000
0000
0000
0000
0000
0000
0000
0000
0000
0000
0000
0000
0000
0000
0000
0000
0000
0000
0000
0000
0000
0000
0000
0000
0000
0000
0000
0000
0000
0000
0000
0000
0000
0000
0000
0000
0000
0000
0000
0000
0000
0000
0000
0000
0000
0000
0000
0000
0000
0000
0000
0000
0000
0000
0000
0000
0000
0000
0000
0000
0000
0000
0000
0000
0000
0000
0000
0000
0000
0000
0000
0000
0000
0000
0000
0000
0000
0000
0000
0000
0000
0000
0000
0000
0000
0000
0000
0000
0000
0000
0000
0000
0000
0000
0000
0000
0000
0000
0000
0000
0000
0000
0000
0000
0000
0000
0000
0000
0000
0000
0000
0000
0000
0000
0000
0000
0000
0000
0000
0000
0000
0000
0000
0000
0000
0000
0000
0000
0000
0000
0000
0000
0000
0000
0000
0000
0000
0000
0000
0000
0000
0000
0000
0000
0000
0000
0000
0000
0000
0000
0000
0000
0000
0000
0000
0000
0000
0000
0000
0000
0000
0000
0000
0000
0000
0000
0000
0000
0000
0000
0000
0000
0000
0000
0000
0000
0000
0000
0000
0000
0000
0000
0000
0000
0000
0000
0000
0000
0000
0000
0000
0000
0000
0000
0000
0000
0000
0000
0000
0000
0000
0000
0000
0000
0000
0000
0000
0000
0000
0000
0000
0000
0000
0000
0000
0000
0000
0000
0000
0000
0000
0000
0000
0000
0000
0000
0000
0000
0000
0000
0000
0000
0000
0000
0000
0000
0000
0000
0000
0000
0000
0000
0000
0000
0000
0000
0000
0000
0000
0000
0000
0000
0000
0000
0000
0000
0000
0000
0000
0000
0000
0000
0000
0000
0000
0000
0000
0000
0000
0000
0000
0000
0000
0000
0000
0000
0000
0000
0000
0000
0000
0000
0000
0000
0000
0000
0000
0000
0000
0000
0000
0000
0000
0000
0000
0000
0000
0000
0000
0000
0000
0000
0000
0000
0000
0000
0000
0000
0000
0000
0000
0000
0000
0000
0000
0000
0000
0000
0000
0000
0000
0000
0000
0000
0000
0000
0000
0000
0000
0000
0000
0000
0000
0000
0000
0000
0000
0000
0000
0000
0000
0000
0000
0000
0000
0000
0000
0000
0000
0000
0000
0000
0000
0000
0000
0000
0000
0000
0000
0000
0000
0000
0000
0000
0000
0000
0000
0000
0000
0000
0000
0000
0000
0000
0000
0000
0000
0000
0000
0000
0000
0000
0000
0000
0000
0000
0000
0000
0000
0000
0000
0000
0000
0000
0000
0000
0000
0000
0000
0000
0000
0000
0000
0000
0000
0000
0000
0000
0000
0000
0000
0000
0000
0000
0000
0000
0000
0000
0000
0000
0000
0000
0000
0000
0000
0000
0000
0000
0000
0000
0000
0000
0000
0000
0000
0000
0000
0000
0000
0000
0000
0000
0000
0000
0000
0000
0000
0000
0000
0000
0000
0000
0000
0000
0000
0000
0000
0000
0000
0000
0000
0000
0000
0000
0000
0000
0000
0000
0000
0000
0000
0000
0000
0000
0000
0000
0000
0000
0000
0000
0000
0000
0000
0000
0000
0000
0000
0000
0000
0000
0000
0000
0000
0000
0000
0000
0000
0000
0000
0000
0000
0000
0000
0000
0000
0000
0000
0000
0000
0000
0000
0000
0000
0000
0000
0000
0000
0000
0000
0000
0000
0000
0000
0000
0000
0000
0000
0000
0000
0000
0000
0000
0000
0000
0000
0000
0000
0000
0000
0000
0000
0000
0000
0000
0000
0000
0000
0000
0000
0000
0000
0000
0000
0000
0000
0000
0000
0000
0000
0000
0000
0000
0000
0000
0000
0000
0000
0000
0000
0000
0000
0000
0000
0000
0000
0000
0000
0000
0000
0000
0000
0000
0000
0000
0000
0000
0000
0000
0000
0000
0000
0000
0000
0000
0000
0000
0000
0000
0000
0000
0000
0000
0000
0000
0000
0000
0000
0000
0000
0000
0000
0000
0000
0000
0000
0000
0000
0000
0000
0000
0000
0000
0000
0000
0000
0000
0000
0000
0000
0000
0000
0000
0000
0000
0000
0000
0000
0000
0000
0000
0000
0000
0000
0000
0000
0000
0000
0000
0000
0000
0000
0000
0000
0000
0000
0000
0000
0000
0000
0000
0000
0000
0000
0000
0000
0000
0000
0000
0000
0000
0000
0000
0000
0000
0000
0000
0000
0000
0000
0000
0000
0000
0000
0000
0000
0000
0000
0000
0000
0000
0000
0000
0000
0000
0000
0000
0000
0000
0000
0000
0000
0000
0000
0000
0000
0000
0000
0000
0000
0000
0000
0000
0000
0000
0000
0000
0000
0000
0000
0000
0000
0000
0000
0000
0000
0000
0000
0000
0000
0000
0000
0000
0000
0000
0000
0000
0000
0000
0000
0000
0000
0000
0000
0000
0000
0000
0000
0000
0000
0000
0000
0000
0000
0000
0000
0000
0000
0000
0000
0000
0000
0000
0000
0000
0000
0000
0000
0000
0000
0000
0000
0000
0000
0000
0000
0000
0000
0000
0000
0000
0000
0000
0000
0000
0000
0000
0000
0000
0000
0000
0000
0000
0000
0000
0000
0000
0000
0000
0000
0000
0000
0000
0000
0000
0000
0000
0000
0000
0000
0000
0000
0000
0000
0000
0000
0000
0000
0000
0000
0000
0000
0000
0000
0000
0000
0000
0000
0000
0000
0000
0000
0000
0000
0000
0000
0000
0000
0000
0000
0000
0000
0000
0000
0000
0000
0000
0000
0000
0000
0000
0000
0000
0000
0000
0000
0000
0000
0000
0000
0000
0000
0000
0000
0000
0000
0000
0000
0000
0000
0000
0000
0000
0000
0000
0000
0000
0000
0000
0000
0000
0000
0000
0000
0000
0000
0000
0000
0000
0000
0000
0000
0000
0000
0000
0000
0000
0000
0000
0000
0000
0000
0000
0000
0000
0000
0000
0000
0000
0000
0000
0000
0000
0000
0000
0000
0000
0000
0000
0000
0000
0000
0000
0000
0000
0000
0000
0000
0000
0000
0000
0000
0000
0000
0000
0000
0000
0000
0000
0000
0000
0000
0000
0000
0000
0000
0000
0000
0000
0000
0000
0000
0000
0000
0000
0000
0000
0000
0000
0000
0000
0000
0000
0000
0000
0000
0000
0000
0000
0000
0000
0000
0000
0000
0000
0000
0000
0000
0000
0000
0000
0000
0000
0000
0000
0000
0000
0000
0000
0000
0000
0000
0000
0000
0000
0000
0000
0000
0000
0000
0000
0000
0000
0000
0000
0000
0000
0000
0000
0000
0000
0000
0000
0000
0000
0000
0000
0000
0000
0000
0000
0000
0000
0000
0000
0000
0000
0000
0000
0000
0000
0000
0000
0000
0000
0000
0000
0000
0000
0000
0000
0000
0000
0000
0000
0000
0000
0000
0000
0000
0000
0000
0000
0000
0000
0000
0000
0000
0000
0000
0000
0000
0000
0000
0000
0000
0000
0000
0000
0000
0000
0000
0000
0000
0000
0000
0000
0000
0000
0000
0000
0000
0000
0000
0000
0000
0000
0000
0000
0000
0000
0000
0000
0000
0000
0000
0000
0000
0000
0000
0000
0000
0000
0000
0000
0000
0000
0000
0000
0000
0000
0000
0000
0000
0000
0000
0000
0000
0000
0000
0000
0000
0000
0000
0000
0000
0000
0000
0000
0000
0000
0000
0000
0000
0000
0000
0000
0000
0000
0000
0000
0000
0000
0000
0000
0000
0000
0000
0000
0000
0000
0000
0000
0000
0000
0000
0000
0000
0000
0000
0000
0000
0000
0000
0000
0000
0000
0000
0000
0000
0000
0000
0000
0000
0000
0000
0000
0000
0000
0000
0000
0000
0000
0000
0000
0000
0000
0000
0000
0000
0000
0000
0000
0000
0000
0000
0000
0000
0000
0000
0000
0000
0000
0000
0000
0000
0000
0000
0000
0000
0000
0000
0000
0000
0000
0000
0000
0000
0000
0000
0000
0000
0000
0000
0000
0000
0000
0000
0000
0000
0000
0000
0000
0000
0000
0000
0000
0000
0000
0000
0000
0000
0000
0000
0000
0000
0000
0000
0000
0000
0000
0000
0000
0000
0000
0000
0000
0000
0000
0000
0000
0000
0000
0000
0000
0000
0000
0000
0000
0000
0000
0000
0000
0000
0000
0000
0000
0000
0000
0000
0000
0000
0000
0000
0000
0000
0000
0000
0000
0000
0000
0000
0000
0000
0000
0000
0000
0000
0000
0000
0000
0000
0000
0000
0000
0000
0000
0000
0000
0000
0000
0000
0000
0000
0000
0000
0000
0000
0000
0000
0000
0000
0000
0000
0000
0000
0000
0000
0000
0000
0000
0000
0000
0000
0000
0000
0000
0000
0000
0000
0000
0000
0000
0000
0000
0000
0000
0000
0000
0000
0000
0000
0000
0000
0000
0000
0000
0000
0000
0000
0000
0000
0000
0000
0000
0000
0000
0000
0000
0000
0000
0000
0000
0000
0000
0000
0000
0000
0000
0000
0000
0000
0000
0000
0000
0000
0000
0000
0000
0000
0000
0000
0000
0000
0000
0000
0000
0000
0000
0000
0000
0000
0000
0000
0000
0000
0000
0000
0000
0000
0000
0000
0000
0000
0000
0000
0000
0000
0000
0000
0000
0000
0000
0000
0000
0000
0000
0000
0000
0000
0000
0000
0000
0000
0000
0000
0000
0000
0000
0000
0000
0000
0000
0000
0000
0000
0000
0000
0000
0000
0000
0000
0000
0000
0000
0000
0000
0000
0000
0000
0000
0000
0000
0000
0000
0000
0000
0000
0000
0000
0000
0000
0000
0000
0000
0000
0000
0000
0000
0000
0000
0000
0000
0000
0000
0000
0000
0000
0000
0000
0000
0000
0000
0000
0000
0000
0000
0000
0000
0000
0000
0000
0000
0000
0000
0000
0000
0000
0000
0000
0000
0000
0000
0000
0000
0000
0000
0000
0000
0000
0000
0000
0000
0000
0000
0000
0000
0000
0000
0000
0000
0000
0000
0000
0000
0000
0000
0000
0000
0000
0000
0000
0000
0000
0000
0000
0000
0000
0000
0000
0000
0000
0000
0000
0000
0000
0000
0000
0000
0000
0000
0000
0000
0000
0000
0000
0000
0000
0000
0000
0000
0000
0000
0000
0000
0000
0000
0000
0000
0000
0000
0000
0000
0000
0000
0000
0000
0000
0000
0000
0000
0000
0000
0000
0000
0000
0000
0000
0000
0000
0000
0000
0000
0000
0000
0000
0000
0000
0000
0000
0000
0000
0000
0000
0000
0000
0000
0000
0000
0000
0000
0000
0000
0000
0000
0000
0000
0000
0000
0000
0000
0000
0000
0000
0000
0000
0000
0000
0000
0000
0000
0000
0000
0000
0000
0000
0000
0000
0000
0000
0000
0000
0000
0000
0000
0000
0000
0000
0000
0000
0000
0000
0000
0000
0000
0000
0000
0000
0000
0000
0000
0000
0000
0000
0000
0000
0000
0000
0000
0000
0000
0000
0000
0000
0000
0000
0000
0000
0000
0000
0000
0000
0000
0000
0000
0000
0000
0000
0000
0000
0000
0000
0000
0000
0000
0000
0000
0000
0000
0000
0000
0000
0000
0000
0000
0000
0000
0000
0000
0000
0000
0000
0000
0000
0000
0000
0000
0000
0000
0000
0000
0000
0000
0000
0000
0000
0000
0000
0000
0000
0000
0000
0000
0000
0000
0000
0000
0000
0000
0000
0000
0000
0000
0000
0000
0000
0000
0000
0000
0000
0000
0000
0000
0000
0000
0000
0000
0000
0000
0000
0000
0000
0000
0000
0000
0000
0000
0000
0000
0000
0000
0000
0000
0000
0000
0000
0000
0000
0000
0000
0000
0000
0000
0000
0000
0000
0000
0000
0000
0000
0000
0000
0000
0000
0000
0000
0000
0000
0000
0000
0000
0000
0000
0000
0000
0000
0000
0000
0000
0000
0000
0000
0000
0000
0000
0000
0000
0000
0000
0000
0000
0000
0000
0000
0000
0000
0000
0000
0000
0000
0000
0000
0000
0000
0000
0000
0000
0000
0000
0000
0000
0000
0000
0000
0000
0000
0000
0000
0000
0000
0000
0000
0000
0000
0000
0000
0000
0000
0000
0000
0000
0000
0000
0000
0000
0000
0000
0000
0000
0000
0000
0000
0000
0000
0000
0000
0000
0000
0000
0000
0000
0000
0000
0000
0000
0000
0000
0000
0000
0000
0000
0000
0000
0000
0000
0000
0000
0000
0000
0000
0000
0000
0000
0000
0000
0000
0000
0000
0000
0000
0000
0000
0000
0000
0000
0000
0000
0000
0000
0000
0000
0000
0000
0000
0000
0000
0000
0000
0000
0000
0000
0000
0000
0000
0000
0000
0000
0000
0000
0000
0000
0000
0000
0000
0000
0000
0000
0000
0000
0000
0000
0000
0000
0000
0000
0000
0000
0000
0000
0000
0000
0000
0000
0000
0000
0000
0000
0000
0000
0000
0000
0000
0000
0000
0000
0000
0000
0000
0000
0000
0000
0000
0000
0000
0000
0000
0000
0000
0000
0000
0000
0000
0000
0000
0000
0000
0000
0000
0000
0000
0000
0000
0000
0000
0000
0000
0000
0000
0000
0000
0000
0000
0000
0000
0000
0000
0000
0000
0000
0000
0000
0000
0000
0000
0000
0000
0000
0000
0000
0000
0000
0000
0000
0000
0000
0000
0000
0000
0000
0000
0000
0000
0000
0000
0000
0000
0000
0000
0000
0000
0000
0000
0000
0000
0000
0000
0000
0000
0000
0000
0000
0000
0000
0000
0000
0000
0000
0000
0000
0000
0000
0000
0000
0000
0000
0000
0000
0000
0000
0000
0000
0000
0000
0000
0000
0000
0000
0000
0000
0000
0000
0000
0000
0000
0000
0000
0000
0000
0000
0000
0000
0000
0000
0000
0000
0000
0000
0000
0000
0000
0000
0000
0000
0000
0000
0000
0000
0000
0000
0000
0000
0000
0000
0000
0000
0000
0000
0000
0000
0000
0000
0000
0000
0000
0000
0000
0000
0000
0000
0000
0000
0000
0000
0000
0000
0000
0000
0000
0000
0000
0000
0000
0000
0000
0000
0000
0000
0000
0000
0000
0000
0000
0000
0000
0000
0000
0000
0000
0000
0000
0000
0000
0000
0000
0000
0000
0000
0000
0000
0000
0000
0000
0000
0000
0000
0000
0000
0000
0000
0000
0000
0000
0000
0000
0000
0000
0000
0000
0000
0000
0000
0000
0000
0000
0000
0000
0000
0000
0000
0000
0000
0000
0000
0000
0000
0000
0000
0000
0000
0000
0000
0000
0000
0000
0000
0000
0000
0000
0000
0000
0000
0000
0000
0000
0000
0000
0000
0000
0000
0000
0000
0000
0000
0000
0000
0000
0000
0000
0000
0000